0.000 4.528628182665732 0.008333333333333333 0.005
0.066 4.621876079700431 0.008333333333333333 0.005
0.133 4.433583745446222 0.008333333333333333 0.005
0.199 3.8871149914579872 0.008333333333333333 0.005
0.266 2.9236244848660715 0.008333333333333333 0.005
0.332 1.837501499527066 0.008333333333333333 0.005
0.399 0.5376344695071961 0.008333333333333333 0.005
0.465 -0.7683034006700435 0.008333333333333333 0.005
0.532 -1.9942282610016022 0.008333333333333333 0.005
0.598 -3.0550883120631833 0.008333333333333333 0.005
0.665 -3.8828656606980925 0.008333333333333333 0.005
0.731 -4.409483394773071 0.008333333333333333 0.005
0.798 -4.614614151945308 0.008333333333333333 0.005
0.864 -4.499843232248736 0.008333333333333333 0.005
0.931 -3.9749800682007495 0.008333333333333333 0.005
0.997 -3.2698756411253074 0.008333333333333333 0.005
1.064 -2.330640577840431 0.008333333333333333 0.005
1.130 -1.24931136627286 0.008333333333333333 0.005
1.197 -0.011680435985719217 0.008333333333333333 0.005
1.264 1.200530630921954 0.008333333333333333 0.005
1.330 2.365531017326035 0.008333333333333333 0.005
1.397 3.366363252085739 0.008333333333333333 0.005
1.463 4.082491009793171 0.008333333333333333 0.005
1.530 4.425437733135614 0.008333333333333333 0.005
1.596 4.449876078102403 0.008333333333333333 0.005
1.663 4.171151809987901 0.008333333333333333 0.005
1.729 3.6158462060851297 0.008333333333333333 0.005
1.796 2.7032395203547193 0.008333333333333333 0.005
1.862 1.5613877989674898 0.008333333333333333 0.005
1.929 0.28965703581591984 0.008333333333333333 0.005
1.995 -0.9974889040357262 0.008333333333333333 0.005
2.062 -2.1295084087498335 0.008333333333333333 0.005
2.128 -3.152550423417012 0.008333333333333333 0.005
2.195 -3.886477830287965 0.008333333333333333 0.005
2.261 -4.350754562325942 0.008333333333333333 0.005
2.328 -4.490806818430993 0.008333333333333333 0.005
2.394 -4.324553734386131 0.008333333333333333 0.005
2.461 -3.7808271627241354 0.008333333333333333 0.005
2.528 -3.0632098826127656 0.008333333333333333 0.005
2.594 -2.062769204504595 0.008333333333333333 0.005
2.661 -0.9645804031444872 0.008333333333333333 0.005
2.727 0.2932638455734977 0.008333333333333333 0.005
2.794 1.3881663872250805 0.008333333333333333 0.005
2.860 2.515409471911809 0.008333333333333333 0.005
2.927 3.461266043639533 0.008333333333333333 0.005
2.993 4.050829190055397 0.008333333333333333 0.005
3.060 4.342173231902053 0.008333333333333333 0.005
3.126 4.336743305909485 0.008333333333333333 0.005
3.193 4.0734446288328785 0.008333333333333333 0.005
3.259 3.39347720334753 0.008333333333333333 0.005
3.326 2.4359532153305636 0.008333333333333333 0.005
3.392 1.2663812246143848 0.008333333333333333 0.005
3.459 0.06324625953354446 0.008333333333333333 0.005
3.525 -1.1957543020751558 0.008333333333333333 0.005
3.592 -2.2819340977145597 0.008333333333333333 0.005
3.658 -3.222041742837496 0.008333333333333333 0.005
3.725 -3.943371219856991 0.008333333333333333 0.005
3.792 -4.336298837117024 0.008333333333333333 0.005
3.858 -4.398640851310677 0.008333333333333333 0.005
3.925 -4.147492281314962 0.008333333333333333 0.005
3.991 -3.5821965380976626 0.008333333333333333 0.005
4.058 -2.8295080319971095 0.008333333333333333 0.005
4.124 -1.8553485488301518 0.008333333333333333 0.005
4.191 -0.6877015028902974 0.008333333333333333 0.005
4.257 0.40327336845585793 0.008333333333333333 0.005
4.324 1.597478062894762 0.008333333333333333 0.005
4.390 2.5713936433842686 0.008333333333333333 0.005
4.457 3.461266043639533 0.008333333333333333 0.005
4.523 4.07615853077146 0.008333333333333333 0.005
4.590 4.338553276269005 0.008333333333333333 0.005
4.656 4.244441365491145 0.008333333333333333 0.005
4.723 3.8844018114883676 0.008333333333333333 0.005
4.789 3.1747831906538253 0.008333333333333333 0.005
4.856 2.2716417801196664 0.008333333333333333 0.005
4.922 1.085072362008781 0.008333333333333333 0.005
4.989 -0.21012772087214027 0.008333333333333333 0.005
5.055 -1.3866328202738165 0.008333333333333333 0.005
5.122 -2.4659429160695154 0.008333333333333333 0.005
5.188 -3.3447890433431673 0.008333333333333333 0.005
5.255 -3.93885575272962 0.008333333333333333 0.005
5.322 -4.321843348159404 0.008333333333333333 0.005
5.388 -4.314615691983676 0.008333333333333333 0.005
5.455 -3.9542084250741913 0.008333333333333333 0.005
5.521 -3.404362045562839 0.008333333333333333 0.005
5.588 -2.534499962716472 0.008333333333333333 0.005
5.654 -1.6046612890594192 0.008333333333333333 0.005
5.721 -0.5308255091487063 0.008333333333333333 0.005
5.787 0.6296168680366642 0.008333333333333333 0.005
5.854 1.7409457464417688 0.008333333333333333 0.005
5.920 2.80439350443424 0.008333333333333333 0.005
5.987 3.541716252221514 0.008333333333333333 0.005
6.053 4.060779892861522 0.008333333333333333 0.005
6.120 4.2562046281665324 0.008333333333333333 0.005
6.186 4.112344903612945 0.008333333333333333 0.005
6.253 3.707162413286139 0.008333333333333333 0.005
6.319 2.9733085783223676 0.008333333333333333 0.005
6.386 1.8329893944054825 0.008333333333333333 0.005
6.452 0.7360319445946216 0.008333333333333333 0.005
6.519 -0.42858531068351563 0.008333333333333333 0.005
6.586 -1.639828410363564 0.008333333333333333 0.005
6.652 -2.622906510837077 0.008333333333333333 0.005
6.719 -3.418804435086531 0.008333333333333333 0.005
6.785 -3.947886707586708 0.008333333333333333 0.005
6.852 -4.237825448063729 0.008333333333333333 0.005
6.918 -4.178204564475493 0.008333333333333333 0.005
6.985 -3.757350705576027 0.008333333333333333 0.005
7.051 -3.15616026977128 0.008333333333333333 0.005
7.118 -2.3315425611794924 0.008333333333333333 0.005
7.184 -1.2623851407769635 0.008333333333333333 0.005
7.251 -0.18785792062663265 0.008333333333333333 0.005
7.317 0.9064864057450194 0.008333333333333333 0.005
7.384 1.9846046751068993 0.008333333333333333 0.005
7.450 2.8902021478182562 0.008333333333333333 0.005
7.517 3.63121549817358 0.008333333333333333 0.005
7.583 4.037260277837432 0.008333333333333333 0.005
7.650 4.173866096813183 0.008333333333333333 0.005
7.716 3.9911279339373937 0.008333333333333333 0.005
7.783 3.5145972917476396 0.008333333333333333 0.005
7.850 2.730333304551001 0.008333333333333333 0.005
7.916 1.7256057400761167 0.008333333333333333 0.005
7.983 0.5520628759645677 0.008333333333333333 0.005
8.049 -0.6164762124205123 0.008333333333333333 0.005
8.116 -1.6966376465566166 0.008333333333333333 0.005
8.182 -2.695078631104105 0.008333333333333333 0.005
8.249 -3.40887527329496 0.008333333333333333 0.005
8.315 -3.9677550990713155 0.008333333333333333 0.005
8.382 -4.139362729049922 0.008333333333333333 0.005
8.448 -4.028265867648915 0.008333333333333333 0.005
8.515 -3.6481017363061494 0.008333333333333333 0.005
8.581 -2.9901174890670936 0.008333333333333333 0.005
8.648 -2.1421349708555195 0.008333333333333333 0.005
8.714 -1.1520254180394986 0.008333333333333333 0.005
8.781 -0.07614719896583211 0.008333333333333333 0.005
8.847 1.034561587593756 0.008333333333333333 0.005
8.914 2.031536877994478 0.008333333333333333 0.005
8.980 2.9886660271006207 0.008333333333333333 0.005
9.047 3.6212706271098263 0.008333333333333333 0.005
9.113 3.995650579522459 0.008333333333333333 0.005
9.180 4.078872443292571 0.008333333333333333 0.005
9.247 3.8075325709636783 0.008333333333333333 0.005
9.313 3.2868341433159123 0.008333333333333333 0.005
9.380 2.4792922502196366 0.008333333333333333 0.005
9.446 1.4513178058509868 0.008333333333333333 0.005
9.513 0.35548190204119645 0.008333333333333333 0.005
9.579 -0.7731719788424046 0.008333333333333333 0.005
9.646 -1.8652682798162261 0.008333333333333333 0.005
9.712 -2.7943206726622454 0.008333333333333333 0.005
9.779 -3.4278310185341283 0.008333333333333333 0.005
9.845 -3.893702208353583 0.008333333333333333 0.005
9.912 -4.053555070506943 0.008333333333333333 0.005
9.978 -3.8503567150682025 0.008333333333333333 0.005
10.045 -3.4097779209112047 0.008333333333333333 0.005
10.111 -2.685154772763931 0.008333333333333333 0.005
10.178 -1.8553485488301518 0.008333333333333333 0.005
10.244 -0.8063504668399971 0.008333333333333333 0.005
10.311 0.19660256324444636 0.008333333333333333 0.005
10.377 1.2835208277025982 0.008333333333333333 0.005
10.444 2.215673076474148 0.008333333333333333 0.005
10.510 3.0148646293983936 0.008333333333333333 0.005
10.577 3.6429686934549297 0.008333333333333333 0.005
10.644 3.897063404901238 0.008333333333333333 0.005
10.710 3.9033942846474394 0.008333333333333333 0.005
10.777 3.628503247868278 0.008333333333333333 0.005
10.843 3.0826231877710053 0.008333333333333333 0.005
10.910 2.2364353401528954 0.008333333333333333 0.005
10.976 1.251045934214643 0.008333333333333333 0.005
11.043 0.05792651672506188 0.008333333333333333 0.005
11.109 -1.0418479538704717 0.008333333333333333 0.005
11.176 -2.0564561386137736 0.008333333333333333 0.005
11.242 -2.9450006534459003 0.008333333333333333 0.005
11.309 -3.526225333702536 0.008333333333333333 0.005
11.375 -3.8449386586445073 0.008333333333333333 0.005
11.442 -3.9704644562620204 0.008333333333333333 0.005
11.508 -3.751933136398628 0.008333333333333333 0.005
11.575 -3.253629961428206 0.008333333333333333 0.005
11.641 -2.5814089814260295 0.008333333333333333 0.005
11.708 -1.7101638076574015 0.008333333333333333 0.005
11.774 -0.6894145168625174 0.008333333333333333 0.005
11.841 0.3951577866578698 0.008333333333333333 0.005
11.907 1.3935792687674868 0.008333333333333333 0.005
11.974 2.3754620761470173 0.008333333333333333 0.005
12.041 3.1142456220716226 0.008333333333333333 0.005
12.107 3.6230787759323295 0.008333333333333333 0.005
12.174 3.870836063676771 0.008333333333333333 0.005
12.240 3.800298233136198 0.008333333333333333 0.005
12.307 3.4413807268236427 0.008333333333333333 0.005
12.373 2.866716899402689 0.008333333333333333 0.005
12.440 2.0207062121681316 0.008333333333333333 0.005
12.506 0.9930715640999365 0.008333333333333333 0.005
12.573 -0.1605390052657421 0.008333333333333333 0.005
12.639 -1.1758283176403364 0.008333333333333333 0.005
12.706 -2.179113184703112 0.008333333333333333 0.005
12.772 -2.8998852539946225 0.008333333333333333 0.005
12.839 -3.489213640633156 0.008333333333333333 0.005
12.905 -3.790759669156829 0.008333333333333333 0.005
12.972 -3.838617629186268 0.008333333333333333 0.005
13.038 -3.5876132550566813 0.008333333333333333 0.005
13.105 -3.0487715686846277 0.008333333333333333 0.005
13.171 -2.3405624178069373 0.008333333333333333 0.005
13.238 -1.390509979145889 0.008333333333333333 0.005
13.305 -0.4065864651112321 0.008333333333333333 0.005
13.371 0.5511610983740588 0.008333333333333333 0.005
13.438 1.5577788206550407 0.008333333333333333 0.005
13.504 2.4476906961965343 0.008333333333333333 0.005
13.571 3.1729760377965652 0.008333333333333333 0.005
13.637 3.6158462060851297 0.008333333333333333 0.005
13.704 3.794872526214667 0.008333333333333333 0.005
13.770 3.712587483515774 0.008333333333333333 0.005
13.837 3.341057706439505 0.008333333333333333 0.005
13.903 2.6806619371101004 0.008333333333333333 0.005
13.970 1.8393063458615702 0.008333333333333333 0.005
14.036 0.7369337868987694 0.008333333333333333 0.005
14.103 -0.3546546276080174 0.008333333333333333 0.005
14.169 -1.3626486114889025 0.008333333333333333 0.005
14.236 -2.2449540510657386 0.008333333333333333 0.005
14.302 -3.0000433884296354 0.008333333333333333 0.005
14.369 -3.507267974924571 0.008333333333333333 0.005
14.435 -3.7627683027415695 0.008333333333333333 0.005
14.502 -3.6851187319295455 0.008333333333333333 0.005
14.569 -3.4142911693539353 0.008333333333333333 0.005
14.635 -2.880034925972276 0.008333333333333333 0.005
14.702 -2.1024517344416194 0.008333333333333333 0.005
14.768 -1.2025165294184177 0.008333333333333333 0.005
14.835 -0.27468274683007626 0.008333333333333333 0.005
14.901 0.7567744036835854 0.008333333333333333 0.005
14.968 1.6967308914120527 0.008333333333333333 0.005
15.034 2.5930657540872732 0.008333333333333333 0.005
15.101 3.2425541751829483 0.008333333333333333 0.005
15.167 3.6122299465860372 0.008333333333333333 0.005
15.234 3.697216552345833 0.008333333333333333 0.005
15.300 3.557084078358754 0.008333333333333333 0.005
15.367 3.1567118323601773 0.008333333333333333 0.005
15.433 2.432341708689776 0.008333333333333333 0.005
15.500 1.5478541750311745 0.008333333333333333 0.005
15.566 0.5809199147098504 0.008333333333333333 0.005
15.633 -0.4412977445849121 0.008333333333333333 0.005
15.699 -1.4904156965927888 0.008333333333333333 0.005
15.766 -2.330640577840431 0.008333333333333333 0.005
15.832 -3.047869179176559 0.008333333333333333 0.005
15.899 -3.4260256962919966 0.008333333333333333 0.005
15.966 -3.6869244715589575 0.008333333333333333 0.005
16.032 -3.5921272060647413 0.008333333333333333 0.005
16.099 -3.2373844928033626 0.008333333333333333 0.005
16.165 -2.676133136895553 0.008333333333333333 0.005
16.232 -1.8923222806915727 0.008333333333333333 0.005
16.298 -1.0213814526257305 0.008333333333333333 0.005
16.365 -0.038639354678177806 0.008333333333333333 0.005
16.431 0.9046825862869524 0.008333333333333333 0.005
16.498 1.873598894106642 0.008333333333333333 0.005
16.564 2.6996270723062405 0.008333333333333333 0.005
16.631 3.2479760871057213 0.008333333333333333 0.005
16.697 3.613134009873037 0.008333333333333333 0.005
16.764 3.697216552345833 0.008333333333333333 0.005
16.830 3.529964588092323 0.008333333333333333 0.005
16.897 2.990472802874046 0.008333333333333333 0.005
16.963 2.3411551633145993 0.008333333333333333 0.005
17.030 1.4413938459353157 0.008333333333333333 0.005
17.096 0.29867406707500144 0.008333333333333333 0.005
17.163 -0.6279155335599769 0.008333333333333333 0.005
17.229 -1.5442468280089303 0.008333333333333333 0.005
17.296 -2.3676222430199374 0.008333333333333333 0.005
17.363 -2.991922192761905 0.008333333333333333 0.005
17.429 -3.413388518283103 0.008333333333333333 0.005
17.496 -3.5045598065965224 0.008333333333333333 0.005
17.562 -3.4115832182153185 0.008333333333333333 0.005
17.629 -3.047869179176559 0.008333333333333333 0.005
17.695 -2.443391835519381 0.008333333333333333 0.005
17.762 -1.663273368455858 0.008333333333333333 0.005
17.828 -0.8347505778436182 0.008333333333333333 0.005
17.895 0.09128771555413073 0.008333333333333333 0.005
17.961 1.0255419437490736 0.008333333333333333 0.005
18.028 1.89616026977128 0.008333333333333333 0.005
18.094 2.713173820930765 0.008333333333333333 0.005
18.161 3.247072432704634 0.008333333333333333 0.005
18.227 3.546236169826267 0.008333333333333333 0.005
18.294 3.5435242161409315 0.008333333333333333 0.005
18.360 3.2570126842905402 0.008333333333333333 0.005
18.427 2.7348490082246353 0.008333333333333333 0.005
18.493 2.02431642355951 0.008333333333333333 0.005
18.560 1.1067202426334273 0.008333333333333333 0.005
18.627 0.13366580870500988 0.008333333333333333 0.005
18.693 -0.9043536165678185 0.008333333333333333 0.005
18.760 -1.7913220650230377 0.008333333333333333 0.005
18.826 -2.536304131928363 0.008333333333333333 0.005
18.893 -3.065917083658761 0.008333333333333333 0.005
18.959 -3.426928357065685 0.008333333333333333 0.005
19.026 -3.5126843308875015 0.008333333333333333 0.005
19.092 -3.31410107126176 0.008333333333333333 0.005
19.159 -2.8710121390670227 0.008333333333333333 0.005
19.225 -2.3171108782199603 0.008333333333333333 0.005
19.292 -1.5236881122807961 0.008333333333333333 0.005
19.358 -0.611607648746802 0.008333333333333333 0.005
19.425 0.27342643680369627 0.008333333333333333 0.005
19.491 1.1815877612613934 0.008333333333333333 0.005
19.558 2.074860496925693 0.008333333333333333 0.005
19.624 2.8080063430672744 0.008333333333333333 0.005
19.691 3.1838190118364036 0.008333333333333333 0.005
19.757 3.443188462562622 0.008333333333333333 0.005
19.824 3.366363252085739 0.008333333333333333 0.005
19.890 3.162133200154766 0.008333333333333333 0.005
19.957 2.618350466909627 0.008333333333333333 0.005
20.024 1.805014682705782 0.008333333333333333 0.005
20.090 0.9290342780754594 0.008333333333333333 0.005
20.157 -0.058926079747481874 0.008333333333333333 0.005
20.223 -1.0313892948505887 0.008333333333333333 0.005
20.290 -1.8878132611609075 0.008333333333333333 0.005
20.356 -2.5976470219499306 0.008333333333333333 0.005
20.423 -3.0406500846971847 0.008333333333333333 0.005
20.489 -3.3303475481692497 0.008333333333333333 0.005
20.556 -3.4142911693539353 0.008333333333333333 0.005
20.622 -3.1922592875644242 0.008333333333333333 0.005
20.689 -2.7780806292207663 0.008333333333333333 0.005
20.755 -2.1150781412137563 0.008333333333333333 0.005
20.822 -1.3548041802920587 0.008333333333333333 0.005
20.888 -0.5142363006317978 0.008333333333333333 0.005
20.955 0.4555742889134101 0.008333333333333333 0.005
21.021 1.3006606020900051 0.008333333333333333 0.005
21.088 2.0865942423570343 0.008333333333333333 0.005
21.154 2.7149800682007497 0.008333333333333333 0.005
21.221 3.1666510326212673 0.008333333333333333 0.005
21.288 3.3374426919411593 0.008333333333333333 0.005
21.354 3.2732788034117135 0.008333333333333333 0.005
21.421 2.9633715437818897 0.008333333333333333 0.005
21.487 2.4485935846887905 0.008333333333333333 0.005
21.554 1.6380806674913346 0.008333333333333333 0.005
21.620 0.7170933340563931 0.008333333333333333 0.005
21.687 -0.19831662035348802 0.008333333333333333 0.005
21.753 -1.150943470229473 0.008333333333333333 0.005
21.820 -1.8778934455790814 0.008333333333333333 0.005
21.886 -2.5507375538456643 0.008333333333333333 0.005
21.953 -3.0487715686846277 0.008333333333333333 0.005
22.019 -3.321321700924539 0.008333333333333333 0.005
22.086 -3.2545324936396356 0.008333333333333333 0.005
22.152 -3.037942934145772 0.008333333333333333 0.005
22.219 -2.5254791449572838 0.008333333333333333 0.005
22.285 -1.8833042494214394 0.008333333333333333 0.005
22.352 -1.0990101867010738 0.008333333333333333 0.005
22.418 -0.2270779714826131 0.008333333333333333 0.005
22.485 0.6368313080414004 0.008333333333333333 0.005
22.551 1.4459047290812084 0.008333333333333333 0.005
22.618 2.2301163505846096 0.008333333333333333 0.005
22.685 2.813425626682928 0.008333333333333333 0.005
22.751 3.159422512010402 0.008333333333333333 0.005
22.818 3.2597236823193043 0.008333333333333333 0.005
22.884 3.1567118323601773 0.008333333333333333 0.005
22.951 2.8071031321265045 0.008333333333333333 0.005
23.017 2.265322595152876 0.008333333333333333 0.005
23.084 1.3935792687674868 0.008333333333333333 0.005
23.150 0.5719020574447745 0.008333333333333333 0.005
23.217 -0.3691703184107364 0.008333333333333333 0.005
23.283 -1.2576064470035835 0.008333333333333333 0.005
23.350 -1.9617621858202794 0.008333333333333333 0.005
23.416 -2.6120809684379487 0.008333333333333333 0.005
23.483 -3.0451620142521327 0.008333333333333333 0.005
23.549 -3.2337744171964387 0.008333333333333333 0.005
23.616 -3.150745503998139 0.008333333333333333 0.005
23.682 -2.8764258045234135 0.008333333333333333 0.005
23.749 -2.3757402659105913 0.008333333333333333 0.005
23.815 -1.7146725413663928 0.008333333333333333 0.005
23.882 -0.9116565477638454 0.008333333333333333 0.005
23.948 -0.07308166312453179 0.008333333333333333 0.005
24.015 0.8325310364701969 0.008333333333333333 0.005
24.082 1.6263509100101885 0.008333333333333333 0.005
24.148 2.3375439715673165 0.008333333333333333 0.005
24.215 2.866716899402689 0.008333333333333333 0.005
24.281 3.1549047173092926 0.008333333333333333 0.005
24.348 3.2633383599258092 0.008333333333333333 0.005
24.414 3.0753953621454158 0.008333333333333333 0.005
24.481 2.7203988299866024 0.008333333333333333 0.005
24.547 2.0793734624757767 0.008333333333333333 0.005
24.614 1.3051710976977988 0.008333333333333333 0.005
24.680 0.4555742889134101 0.008333333333333333 0.005
24.747 -0.5279404300429462 0.008333333333333333 0.005
24.813 -1.3454269470222733 0.008333333333333333 0.005
24.880 -2.062769204504595 0.008333333333333333 0.005
24.946 -2.5922343242727672 0.008333333333333333 0.005
25.013 -2.968461226957343 0.008333333333333333 0.005
25.079 -3.1335988941066417 0.008333333333333333 0.005
25.146 -3.051478740811764 0.008333333333333333 0.005
25.212 -2.691469948188658 0.008333333333333333 0.005
25.279 -2.214288181971303 0.008333333333333333 0.005
25.346 -1.5442468280089303 0.008333333333333333 0.005
25.412 -0.7672214945463692 0.008333333333333333 0.005
25.479 0.006442525734613236 0.008333333333333333 0.005
25.545 0.9019768599520449 0.008333333333333333 0.005
25.612 1.6958285619566054 0.008333333333333333 0.005
25.678 2.3411551633145993 0.008333333333333333 0.005
25.745 2.820651386156757 0.008333333333333333 0.005
25.811 3.07358841496986 0.008333333333333333 0.005
25.878 3.1639403303063443 0.008333333333333333 0.005
25.944 2.980535580683615 0.008333333333333333 0.005
26.011 2.541595239173464 0.008333333333333333 0.005
26.077 1.8898430452274795 0.008333333333333333 0.005
26.144 1.1022102471547517 0.008333333333333333 0.005
26.210 0.18893829346626267 0.008333333333333333 0.005
26.277 -0.7090691024110028 0.008333333333333333 0.005
26.343 -1.4742755242809746 0.008333333333333333 0.005
26.410 -2.161976859952045 0.008333333333333333 0.005
26.476 -2.6111788431052276 0.008333333333333333 0.005
26.543 -2.960340215010003 0.008333333333333333 0.005
26.609 -3.050576349502005 0.008333333333333333 0.005
26.676 -2.8746212471441606 0.008333333333333333 0.005
26.743 -2.594038554882907 0.008333333333333333 0.005
26.809 -2.0600636027111903 0.008333333333333333 0.005
26.876 -1.3296479918577413 0.008333333333333333 0.005
26.942 -0.6260835111502966 0.008333333333333333 0.005
27.009 0.20958677175619145 0.008333333333333333 0.005
27.075 1.0120125548594152 0.008333333333333333 0.005
27.142 1.8185507605873759 0.008333333333333333 0.005
27.208 2.436856093895363 0.008333333333333333 0.005
27.275 2.8748463417015273 0.008333333333333333 0.005
27.341 3.096175520378002 0.008333333333333333 0.005
27.408 3.06365027139096 0.008333333333333333 0.005
27.474 2.820651386156757 0.008333333333333333 0.005
27.541 2.3610169294755807 0.008333333333333333 0.005
27.607 1.7256057400761167 0.008333333333333333 0.005
27.674 1.0056988714311719 0.008333333333333333 0.005
27.740 0.09642716493732639 0.008333333333333333 0.005
27.807 -0.7815567548045735 0.008333333333333333 0.005
27.873 -1.5157532002908496 0.008333333333333333 0.005
27.940 -2.1655844958256907 0.008333333333333333 0.005
28.006 -2.604863979521228 0.008333333333333333 0.005
28.073 -2.8782303641321856 0.008333333333333333 0.005
28.140 -2.965754217760157 0.008333333333333333 0.005
28.206 -2.779885069941916 0.008333333333333333 0.005
28.272 -2.4208410359785923 0.008333333333333333 0.005
28.339 -1.8652682798162261 0.008333333333333333 0.005
28.406 -1.1811479177853057 0.008333333333333333 0.005
28.472 -0.43687994949147146 0.008333333333333333 0.005
28.539 0.37261461130689566 0.008333333333333333 0.005
28.605 1.1797836888000717 0.008333333333333333 0.005
28.672 1.897965196710278 0.008333333333333333 0.005
28.738 2.4449820353089096 0.008333333333333333 0.005
28.805 2.8089095548634293 0.008333333333333333 0.005
28.871 2.993182973294166 0.008333333333333333 0.005
28.938 2.904654902476766 0.008333333333333333 0.005
29.004 2.6418296957730654 0.008333333333333333 0.005
29.071 2.179565680949117 0.008333333333333333 0.005
29.137 1.4314699481886581 0.008333333333333333 0.005
29.204 0.730620897870404 0.008333333333333333 0.005
29.270 -0.07488491969428712 0.008333333333333333 0.005
29.337 -0.8899280864490493 0.008333333333333333 0.005
29.404 -1.6046612890594192 0.008333333333333333 0.005
29.470 -2.2404443356233665 0.008333333333333333 0.005
29.537 -2.621102248838418 0.008333333333333333 0.005
29.603 -2.8520644672858984 0.008333333333333333 0.005
29.670 -2.8628916783993743 0.008333333333333333 0.005
29.736 -2.6887634413717536 0.008333333333333333 0.005
29.803 -2.2422482206011973 0.008333333333333333 0.005
29.869 -1.6849150217200775 0.008333333333333333 0.005
29.936 -0.9592609574836996 0.008333333333333333 0.005
30.002 -0.2557490605744851 0.008333333333333333 0.005
30.069 0.543946888166006 0.008333333333333333 0.005
30.135 1.2853250063867998 0.008333333333333333 0.005
30.202 1.9322592875644244 0.008333333333333333 0.005
30.268 2.450399363969226 0.008333333333333333 0.005
30.335 2.7926518732214864 0.008333333333333333 0.005
30.401 2.9191078823315664 0.008333333333333333 0.005
30.468 2.8089095548634293 0.008333333333333333 0.005
30.534 2.537983369903977 0.008333333333333333 0.005
30.601 1.990019839094813 0.008333333333333333 0.005
30.667 1.3665150407673257 0.008333333333333333 0.005
30.734 0.5682949228890578 0.008333333333333333 0.005
30.801 -0.2339301903598206 0.008333333333333333 0.005
30.867 -0.9924399209543834 0.008333333333333333 0.005
30.933 -1.6903254584347427 0.008333333333333333 0.005
31.000 -2.241346277912579 0.008333333333333333 0.005
31.067 -2.6021576167648717 0.008333333333333333 0.005
31.133 -2.7789828493147866 0.008333333333333333 0.005
31.200 -2.784396181082074 0.008333333333333333 0.005
31.266 -2.5083397205215436 0.008333333333333333 0.005
31.333 -2.101549850987754 0.008333333333333333 0.005
31.399 -1.5550672518235258 0.008333333333333333 0.005
31.466 -0.8862315470446698 0.008333333333333333 0.005
31.532 -0.09634363116675937 0.008333333333333333 0.005
31.599 0.6440457681347872 0.008333333333333333 0.005
31.665 1.3638086425776859 0.008333333333333333 0.005
31.732 2.012583275021359 0.008333333333333333 0.005
31.798 2.4440791498753263 0.008333333333333333 0.005
31.865 2.7213019598664423 0.008333333333333333 0.005
31.931 2.820651386156757 0.008333333333333333 0.005
31.998 2.637314416858323 0.008333333333333333 0.005
32.064 2.362822562384268 0.008333333333333333 0.005
32.131 1.8086242901462848 0.008333333333333333 0.005
32.197 1.1815877612613934 0.008333333333333333 0.005
32.264 0.3735163353173746 0.008333333333333333 0.005
32.330 -0.4087502873950064 0.008333333333333333 0.005
32.397 -1.1441813006103072 0.008333333333333333 0.005
32.464 -1.795830923925827 0.008333333333333333 0.005
32.530 -2.2332288116614425 0.008333333333333333 0.005
32.597 -2.5994512584104057 0.008333333333333333 0.005
32.663 -2.712219987118229 0.008333333333333333 0.005
32.730 -2.6860569391506983 0.008333333333333333 0.005
32.796 -2.4262532024277985 0.008333333333333333 0.005
32.863 -1.969878664113256 0.008333333333333333 0.005
32.929 -1.4129615030418483 0.008333333333333333 0.005
32.996 -0.7390919513761602 0.008333333333333333 0.005
33.062 -0.009336175802670765 0.008333333333333333 0.005
33.129 0.7143878303303689 0.008333333333333333 0.005
33.195 1.360200118579919 0.008333333333333333 0.005
33.262 2.0089730978046196 0.008333333333333333 0.005
33.328 2.45581672019423 0.008333333333333333 0.005
33.395 2.723108222127191 0.008333333333333333 0.005
33.461 2.7312364436130587 0.008333333333333333 0.005
33.528 2.541595239173464 0.008333333333333333 0.005
33.595 2.1777603406052597 0.008333333333333333 0.005
33.661 1.6489082203405285 0.008333333333333333 0.005
33.728 0.972326872956813 0.008333333333333333 0.005
33.794 0.28244342722061533 0.008333333333333333 0.005
33.861 -0.5011632762825742 0.008333333333333333 0.005
33.927 -1.1900740372010579 0.008333333333333333 0.005
33.994 -1.795830923925827 0.008333333333333333 0.005
34.060 -2.3387584430961663 0.008333333333333333 0.005
34.127 -2.5850174212794625 0.008333333333333333 0.005
34.193 -2.6887634413717536 0.008333333333333333 0.005
34.260 -2.6003533773731697 0.008333333333333333 0.005
34.326 -2.3116990247625893 0.008333333333333333 0.005
34.393 -1.876089846774177 0.008333333333333333 0.005
34.459 -1.2559834953961457 0.008333333333333333 0.005
34.526 -0.6092635254513009 0.008333333333333333 0.005
34.592 0.1122963790505177 0.008333333333333333 0.005
34.659 0.8190028825837755 0.008333333333333333 0.005
34.725 1.4594374558686125 0.008333333333333333 0.005
34.792 2.0035578516336683 0.008333333333333333 0.005
34.858 2.453108038633089 0.008333333333333333 0.005
34.925 2.6391205259850183 0.008333333333333333 0.005
34.991 2.6246717438742935 0.008333333333333333 0.005
35.058 2.4377589732224565 0.008333333333333333 0.005
35.125 2.0893020459384757 0.008333333333333333 0.005
35.191 1.5568765774344184 0.008333333333333333 0.005
35.258 0.8956635117828092 0.008333333333333333 0.005
35.324 0.09065655550454177 0.008333333333333333 0.005
35.391 -0.6052063888940348 0.008333333333333333 0.005
35.457 -1.2474179257581808 0.008333333333333333 0.005
35.524 -1.8120628759645676 0.008333333333333333 0.005
35.590 -2.260287158594107 0.008333333333333333 0.005
35.657 -2.516458374200685 0.008333333333333333 0.005
35.723 -2.595842787441363 0.008333333333333333 0.005
35.790 -2.4280572614713103 0.008333333333333333 0.005
35.856 -2.1538597014266774 0.008333333333333333 0.005
35.923 -1.669585501957496 0.008333333333333333 0.005
35.989 -1.1361568686138575 0.008333333333333333 0.005
36.056 -0.43669963130018286 0.008333333333333333 0.005
36.122 0.2860502297030605 0.008333333333333333 0.005
36.189 0.9795423937333375 0.008333333333333333 0.005
36.255 1.5830418520187055 0.008333333333333333 0.005
36.322 2.078470868020916 0.008333333333333333 0.005
36.389 2.436856093895363 0.008333333333333333 0.005
36.455 2.6174474305761852 0.008333333333333333 0.005
36.522 2.5515279447624115 0.008333333333333333 0.005
36.588 2.3510860015755775 0.008333333333333333 0.005
36.655 1.9873122541763957 0.008333333333333333 0.005
36.721 1.3674171744872239 0.008333333333333333 0.005
36.788 0.7324245787607931 0.008333333333333333 0.005
36.854 0.01627042701182435 0.008333333333333333 0.005
36.921 -0.7101510064516897 0.008333333333333333 0.005
36.987 -1.343623635136768 0.008333333333333333 0.005
37.054 -1.8742862492042307 0.008333333333333333 0.005
37.120 -2.2377385111499324 0.008333333333333333 0.005
37.187 -2.4352735154954064 0.008333333333333333 0.005
37.253 -2.5083397205215436 0.008333333333333333 0.005
37.320 -2.326130667464512 0.008333333333333333 0.005
37.386 -1.9779951692990365 0.008333333333333333 0.005
37.453 -1.5089003354321338 0.008333333333333333 0.005
37.519 -0.9605231985684 0.008333333333333333 0.005
37.586 -0.32030375927304244 0.008333333333333333 0.005
37.652 0.3599905011361897 0.008333333333333333 0.005
37.719 0.9939735120012362 0.008333333333333333 0.005
37.785 1.608305313848284 0.008333333333333333 0.005
37.852 2.075763088691317 0.008333333333333333 0.005
37.919 2.3646281982679795 0.008333333333333333 0.005
37.985 2.5316626289974726 0.008333333333333333 0.005
38.052 2.4540109317201364 0.008333333333333333 0.005
38.118 2.1903977817001077 0.008333333333333333 0.005
38.185 1.805014682705782 0.008333333333333333 0.005
38.251 1.2483397205215438 0.008333333333333333 0.005
38.318 0.5971521335410935 0.008333333333333333 0.005
38.384 -0.10490906215323081 0.008333333333333333 0.005
38.451 -0.7948101170483953 0.008333333333333333 0.005
38.517 -1.351648378478905 0.008333333333333333 0.005
38.584 -1.8733844508818072 0.008333333333333333 0.005
38.650 -2.212484321541423 0.008333333333333333 0.005
38.717 -2.4028005963181833 0.008333333333333333 0.005
38.783 -2.414526861986859 0.008333333333333333 0.005
38.850 -2.2359346301605716 0.008333333333333333 0.005
38.916 -1.8833042494214394 0.008333333333333333 0.005
38.983 -1.3636404370979565 0.008333333333333333 0.005
39.049 -0.8357423286201552 0.008333333333333333 0.005
39.116 -0.19362823951689195 0.008333333333333333 0.005
39.182 0.4781180655718885 0.008333333333333333 0.005
39.249 1.1049162431518544 0.008333333333333333 0.005
39.316 1.658833548641843 0.008333333333333333 0.005
39.382 2.0893020459384757 0.008333333333333333 0.005
39.449 2.3519888094942396 0.008333333333333333 0.005
39.515 2.442273381300242 0.008333333333333333 0.005
39.582 2.3592112995401107 0.008333333333333333 0.005
39.648 2.077568274238703 0.008333333333333333 0.005
39.715 1.6606381611620726 0.008333333333333333 0.005
39.781 1.085072362008781 0.008333333333333333 0.005
39.848 0.46910053451527556 0.008333333333333333 0.005
39.914 -0.23564324419014626 0.008333333333333333 0.005
39.981 -0.863150739153566 0.008333333333333333 0.005
40.047 -1.448036615634939 0.008333333333333333 0.005
40.114 -1.8905186719425733 0.008333333333333333 0.005
40.180 -2.2287191221077234 0.008333333333333333 0.005
40.247 -2.3315425611794924 0.008333333333333333 0.005
40.313 -2.327032648697858 0.008333333333333333 0.005
40.380 -2.0663766785344153 0.008333333333333333 0.005
40.446 -1.7236900289651698 0.008333333333333333 0.005
40.513 -1.2597703832637435 0.008333333333333333 0.005
40.580 -0.7152900510418143 0.008333333333333333 0.005
40.646 -0.08552412232247975 0.008333333333333333 0.005
40.713 0.5403397900493984 0.008333333333333333 0.005
40.779 1.1924122338220924 0.008333333333333333 0.005
40.846 1.7228986976983975 0.008333333333333333 0.005
40.912 2.110062075776468 0.008333333333333333 0.005
40.979 2.352891618153946 0.008333333333333333 0.005
41.045 2.434147460486939 0.008333333333333333 0.005
41.112 2.339349565965197 0.008333333333333333 0.005
41.178 2.085691642512875 0.008333333333333333 0.005
41.245 1.540636292020928 0.008333333333333333 0.005
41.311 1.0102086432767248 0.008333333333333333 0.005
41.378 0.39696124749627015 0.008333333333333333 0.005
41.444 -0.26251109596427386 0.008333333333333333 0.005
41.511 -0.8708142842685702 0.008333333333333333 0.005
41.577 -1.4309047750808546 0.008333333333333333 0.005
41.644 -1.8778934455790814 0.008333333333333333 0.005
41.710 -2.150252085244777 0.008333333333333333 0.005
41.777 -2.2638949655327143 0.008333333333333333 0.005
41.844 -2.170094049232726 0.008333333333333333 0.005
41.910 -1.965369506196391 0.008333333333333333 0.005
41.977 -1.6010544258103097 0.008333333333333333 0.005
42.043 -1.092338231189772 0.008333333333333333 0.005
42.110 -0.5200966198948148 0.008333333333333333 0.005
42.176 0.09002539554240774 0.008333333333333333 0.005
42.243 0.7279153790629408 0.008333333333333333 0.005
42.309 1.2943459283414076 0.008333333333333333 0.005
42.376 1.7842596271431668 0.008333333333333333 0.005
42.442 2.166025696291997 0.008333333333333333 0.005
42.509 2.3429607636173344 0.008333333333333333 0.005
42.575 2.38629606158258 0.008333333333333333 0.005
42.642 2.258100712633522 0.008333333333333333 0.005
42.708 1.9936299614282063 0.008333333333333333 0.005
42.775 1.454024351202404 0.008333333333333333 0.005
42.841 0.8920558925812639 0.008333333333333333 0.005
42.908 0.2869519308903654 0.008333333333333333 0.005
42.974 -0.3738586124396115 0.008333333333333333 0.005
43.041 -0.9592609574836996 0.008333333333333333 0.005
43.107 -1.4287407582418665 0.008333333333333333 0.005
43.174 -1.8021433385269088 0.008333333333333333 0.005
43.241 -2.0708860290824695 0.008333333333333333 0.005
43.307 -2.152055892581264 0.008333333333333333 0.005
43.374 -2.06818041768419 0.008333333333333333 0.005
43.440 -1.829196706082103 0.008333333333333333 0.005
43.507 -1.4526351746977217 0.008333333333333333 0.005
43.573 -0.970981773784241 0.008333333333333333 0.005
43.640 -0.4373307449613286 0.008333333333333333 0.005
43.706 0.20940643523311697 0.008333333333333333 0.005
43.773 0.8199047569875179 0.008333333333333333 0.005
43.839 1.3629065108370773 0.008333333333333333 0.005
43.906 1.813136313067615 0.008333333333333333 0.005
43.972 2.16873368069755 0.008333333333333333 0.005
44.039 2.2680308129608346 0.008333333333333333 0.005
44.105 2.2752527588135223 0.008333333333333333 0.005
44.172 2.1037437678417903 0.008333333333333333 0.005
44.238 1.810429097497373 0.008333333333333333 0.005
44.305 1.3529830942622367 0.008333333333333333 0.005
44.371 0.7504614622332096 0.008333333333333333 0.005
44.438 0.1417808096618547 0.008333333333333333 0.005
44.505 -0.4394044039694844 0.008333333333333333 0.005
44.571 -1.0466264836587067 0.008333333333333333 0.005
44.638 -1.524048790504669 0.008333333333333333 0.005
44.704 -1.8535449653335867 0.008333333333333333 0.005
44.771 -2.06818041768419 0.008333333333333333 0.005
44.837 -2.1231951550504333 0.008333333333333333 0.005
44.904 -2.0492412273724905 0.008333333333333333 0.005
44.970 -1.7714831709251193 0.008333333333333333 0.005
45.037 -1.365443756950613 0.008333333333333333 0.005
45.103 -0.9019193071654931 0.008333333333333333 0.005
45.170 -0.3578102140363463 0.008333333333333333 0.005
45.236 0.2544908294992049 0.008333333333333333 0.005
45.303 0.8244141344004824 0.008333333333333333 0.005
45.369 1.3592979888150083 0.008333333333333333 0.005
45.436 1.8212579925490497 0.008333333333333333 0.005
45.502 2.099230711118964 0.008333333333333333 0.005
45.569 2.266225333702536 0.008333333333333333 0.005
45.635 2.192203141623432 0.008333333333333333 0.005
45.702 1.9918248989594964 0.008333333333333333 0.005
45.768 1.6525174226995514 0.008333333333333333 0.005
45.835 1.1906081505538664 0.008333333333333333 0.005
45.902 0.6575729353538914 0.008333333333333333 0.005
45.968 0.030877067799083724 0.008333333333333333 0.005
46.035 -0.5504801042421593 0.008333333333333333 0.005
46.101 -1.0724125631809271 0.008333333333333333 0.005
46.168 -1.5175565878821398 0.008333333333333333 0.005
46.234 -1.8751880478349459 0.008333333333333333 0.005
46.301 -1.9915227381469083 0.008333333333333333 0.005
46.367 -2.062769204504595 0.008333333333333333 0.005
46.434 -1.8869114581906135 0.008333333333333333 0.005
46.500 -1.626302550175081 0.008333333333333333 0.005
46.567 -1.2442621930644733 0.008333333333333333 0.005
46.633 -0.7822780260041379 0.008333333333333333 0.005
46.700 -0.20309515938580597 0.008333333333333333 0.005
46.766 0.3735163353173746 0.008333333333333333 0.005
46.833 0.92452468440064 0.008333333333333333 0.005
46.899 1.4278612734543854 0.008333333333333333 0.005
46.966 1.8068194852163546 0.008333333333333333 0.005
47.032 2.08839944406961 0.008333333333333333 0.005
47.099 2.185884394148711 0.008333333333333333 0.005
47.165 2.1452646897301353 0.008333333333333333 0.005
47.232 1.9855072008138936 0.008333333333333333 0.005
47.299 1.5397340590702648 0.008333333333333333 0.005
47.365 1.1328784295585974 0.008333333333333333 0.005
47.432 0.5655895750903294 0.008333333333333333 0.005
47.498 -0.08444217037653312 0.008333333333333333 0.005
47.565 -0.6189104942185533 0.008333333333333333 0.005
47.631 -1.0743961114046958 0.008333333333333333 0.005
47.698 -1.5265735390646642 0.008333333333333333 0.005
47.764 -1.8219824488379537 0.008333333333333333 0.005
47.831 -1.9707804966917633 0.008333333333333333 0.005
47.897 -1.9545475608935337 0.008333333333333333 0.005
47.964 -1.796732696571984 0.008333333333333333 0.005
48.030 -1.5325247389964378 0.008333333333333333 0.005
48.097 -1.145894382899376 0.008333333333333333 0.005
48.163 -0.6611948712682073 0.008333333333333333 0.005
48.230 -0.07795045460185801 0.008333333333333333 0.005
48.296 0.4681987829108566 0.008333333333333333 0.005
48.363 0.9957774090116912 0.008333333333333333 0.005
48.429 1.4747746872418879 0.008333333333333333 0.005
48.496 1.816745942318795 0.008333333333333333 0.005
48.562 2.081178653404343 0.008333333333333333 0.005
48.629 2.1786630104283455 0.008333333333333333 0.005
48.696 2.095620277943074 0.008333333333333333 0.005
48.762 1.816745942318795 0.008333333333333333 0.005
48.829 1.4612418282345656 0.008333333333333333 0.005
48.895 0.9858559953542271 0.008333333333333333 0.005
48.962 0.4465568255081086 0.008333333333333333 0.005
49.028 -0.08119631336986732 0.008333333333333333 0.005
49.095 -0.6644405807899969 0.008333333333333333 0.005
49.161 -1.169156283426722 0.008333333333333333 0.005
49.228 -1.54154172716558 0.008333333333333333 0.005
49.294 -1.8030451132011471 0.008333333333333333 0.005
49.361 -1.8851078531840728 0.008333333333333333 0.005
49.427 -1.8869114581906135 0.008333333333333333 0.005
49.494 -1.705655080638075 0.008333333333333333 0.005
49.560 -1.4348721422554207 0.008333333333333333 0.005
49.627 -1.0661914380894106 0.008333333333333333 0.005
49.693 -0.5464229638957576 0.008333333333333333 0.005
49.760 -0.021959103082672682 0.008333333333333333 0.005
49.826 0.5376344695071961 0.008333333333333333 0.005
49.893 1.0210321372302156 0.008333333333333333 0.005
49.960 1.462144015195531 0.008333333333333333 0.005
50.026 1.8023074834722785 0.008333333333333333 0.005
50.093 1.9945324936396358 0.008333333333333333 0.005
50.159 2.075763088691317 0.008333333333333333 0.005
50.226 1.9864097271703178 0.008333333333333333 0.005
50.292 1.7427504642315008 0.008333333333333333 0.005
50.359 1.3710257143228985 0.008333333333333333 0.005
50.425 0.8767235781373316 0.008333333333333333 0.005
50.492 0.3690077177463358 0.008333333333333333 0.005
50.558 -0.192546305063876 0.008333333333333333 0.005
50.625 -0.7057332317946767 0.008333333333333333 0.005
50.691 -1.1657301065423398 0.008333333333333333 0.005
50.758 -1.5309016835065645 0.008333333333333333 0.005
50.824 -1.7119673003366729 0.008333333333333333 0.005
50.891 -1.8851078531840728 0.008333333333333333 0.005
50.957 -1.8048486634217094 0.008333333333333333 0.005
51.024 -1.6136784641135469 0.008333333333333333 0.005
51.090 -1.3314512983111393 0.008333333333333333 0.005
51.157 -0.8849693143223665 0.008333333333333333 0.005
51.223 -0.44526474330389354 0.008333333333333333 0.005
51.290 0.10742740963010733 0.008333333333333333 0.005
51.357 0.6323222806915728 0.008333333333333333 0.005
51.423 1.0958962715146585 0.008333333333333333 0.005
51.490 1.50996067232746 0.008333333333333333 0.005
51.556 1.8140387194702257 0.008333333333333333 0.005
51.623 1.9999477006014375 0.008333333333333333 0.005
51.689 1.9954350265027476 0.008333333333333333 0.005
51.756 1.9096972830831231 0.008333333333333333 0.005
51.822 1.6344715012362658 0.008333333333333333 0.005
51.889 1.268185385339561 0.008333333333333333 0.005
51.955 0.8271197651717218 0.008333333333333333 0.005
52.022 0.29957577146238634 0.008333333333333333 0.005
52.088 -0.26440446495209285 0.008333333333333333 0.005
52.155 -0.7214208419801825 0.008333333333333333 0.005
52.221 -1.1697874214837698 0.008333333333333333 0.005
52.288 -1.5236881122807961 0.008333333333333333 0.005
52.354 -1.7209847798508338 0.008333333333333333 0.005
52.421 -1.795830923925827 0.008333333333333333 0.005
52.487 -1.7038515916971897 0.008333333333333333 0.005
52.554 -1.5496570358159198 0.008333333333333333 0.005
52.621 -1.220459011541013 0.008333333333333333 0.005
52.687 -0.7964329783230726 0.008333333333333333 0.005
52.754 -0.4205611452127549 0.008333333333333333 0.005
52.820 0.09832064776029303 0.008333333333333333 0.005
52.887 0.6485548159453219 0.008333333333333333 0.005
52.953 1.093190288377111 0.008333333333333333 0.005
53.020 1.4576330855757988 0.008333333333333333 0.005
53.086 1.7346292527009108 0.008333333333333333 0.005
53.153 1.9042824607772988 0.008333333333333333 0.005
53.219 1.9087948111238684 0.008333333333333333 0.005
53.286 1.8140387194702257 0.008333333333333333 0.005
53.352 1.5307117591318113 0.008333333333333333 0.005
53.419 1.1238583238579598 0.008333333333333333 0.005
53.485 0.7179951692990364 0.008333333333333333 0.005
53.552 0.18947930026240234 0.008333333333333333 0.005
53.618 -0.35663813917414416 0.008333333333333333 0.005
53.685 -0.8374553528340817 0.008333333333333333 0.005
53.751 -1.2485900555209604 0.008333333333333333 0.005
53.818 -1.519089468026059 0.008333333333333333 0.005
53.884 -1.7047533360345093 0.008333333333333333 0.005
53.951 -1.7985362427316867 0.008333333333333333 0.005
54.018 -1.7065568255081085 0.008333333333333333 0.005
54.084 -1.4529056783367502 0.008333333333333333 0.005
54.151 -1.1529270413567043 0.008333333333333333 0.005
54.217 -0.7290843321333286 0.008333333333333333 0.005
54.284 -0.2539458502606969 0.008333333333333333 0.005
54.350 0.23889156853365634 0.008333333333333333 0.005
54.417 0.686431132952965 0.008333333333333333 0.005
54.483 1.146408670128078 0.008333333333333333 0.005
54.550 1.4819922600310491 0.008333333333333333 0.005
54.616 1.7265080887042346 0.008333333333333333 0.005
54.683 1.8726964471829466 0.008333333333333333 0.005
54.749 1.8952578072425852 0.008333333333333333 0.005
54.816 1.7256057400761167 0.008333333333333333 0.005
54.882 1.4585352704631758 0.008333333333333333 0.005
54.949 1.0769544700798295 0.008333333333333333 0.005
55.015 0.6368313080414004 0.008333333333333333 0.005
55.082 0.09985346777093584 0.008333333333333333 0.005
55.148 -0.4321015167705132 0.008333333333333333 0.005
55.215 -0.8883953748582776 0.008333333333333333 0.005
55.282 -1.2604015315087056 0.008333333333333333 0.005
55.348 -1.5189992985882217 0.008333333333333333 0.005
55.415 -1.6831115449081824 0.008333333333333333 0.005
55.481 -1.698441131251892 0.008333333333333333 0.005
55.548 -1.6010544258103097 0.008333333333333333 0.005
55.614 -1.4145845093877683 0.008333333333333333 0.005
55.681 -1.0642980532161002 0.008333333333333333 0.005
55.747 -0.6409993471967457 0.008333333333333333 0.005
55.814 -0.16901419145753083 0.008333333333333333 0.005
55.880 0.2851485287426567 0.008333333333333333 0.005
55.947 0.7558725538758063 0.008333333333333333 0.005
56.013 1.1797836888000717 0.008333333333333333 0.005
56.080 1.4982319215744089 0.008333333333333333 0.005
56.146 1.7210940056998631 0.008333333333333333 0.005
56.213 1.8284773045680693 0.008333333333333333 0.005
56.279 1.8095266935190715 0.008333333333333333 0.005
56.346 1.6353737919566567 0.008333333333333333 0.005
56.412 1.3520809684379484 0.008333333333333333 0.005
56.479 1.00299301319111 0.008333333333333333 0.005
56.545 0.5529646538479341 0.008333333333333333 0.005
56.612 0.03565579289100418 0.008333333333333333 0.005
56.679 -0.43462597196230524 0.008333333333333333 0.005
56.745 -0.8982227641954146 0.008333333333333333 0.005
56.812 -1.2333523886201228 0.008333333333333333 0.005
56.878 -1.5316230414127276 0.008333333333333333 0.005
56.945 -1.6813080691398028 0.008333333333333333 0.005
57.011 -1.691227198805219 0.008333333333333333 0.005
57.078 -1.6055630054747114 0.008333333333333333 0.005
57.144 -1.338123538244726 0.008333333333333333 0.005
57.211 -1.0552819412426588 0.008333333333333333 0.005
57.277 -0.5992559217127764 0.008333333333333333 0.005
57.344 -0.16540773049190255 0.008333333333333333 0.005
57.410 0.28244342722061533 0.008333333333333333 0.005
57.477 0.7333264197122832 0.008333333333333333 0.005
57.543 1.1518207940600496 0.008333333333333333 0.005
57.610 1.454024351202404 0.008333333333333333 0.005
57.676 1.6480059211650175 0.008333333333333333 0.005
57.743 1.7355316071872902 0.008333333333333333 0.005
57.809 1.7156799437002035 0.008333333333333333 0.005
57.876 1.545147464856265 0.008333333333333333 0.005
57.943 1.2618708310268967 0.008333333333333333 0.005
58.009 0.9137016988278074 0.008333333333333333 0.005
58.076 0.4600830306868934 0.008333333333333333 0.005
58.142 -0.05360645664719954 0.008333333333333333 0.005
58.209 -0.5127937603221339 0.008333333333333333 0.005
58.275 -0.905886330149007 0.008333333333333333 0.005
58.342 -1.2408359711066286 0.008333333333333333 0.005
58.408 -1.5182779431647753 0.008333333333333333 0.005
58.475 -1.6073664390304778 0.008333333333333333 0.005
58.541 -1.6109733090489995 0.008333333333333333 0.005
58.608 -1.5224257387760596 0.008333333333333333 0.005
58.674 -1.2480490725213826 0.008333333333333333 0.005
58.741 -0.9521383143401979 0.008333333333333333 0.005
58.807 -0.5455213770959189 0.008333333333333333 0.005
58.874 -0.07668817571416453 0.008333333333333333 0.005
58.940 0.3735163353173746 0.008333333333333333 0.005
59.007 0.8117879002624232 0.008333333333333333 0.005
59.073 1.2014326773105495 0.008333333333333333 0.005
59.140 1.4675571478673146 0.008333333333333333 0.005
59.206 1.7138752610262995 0.008333333333333333 0.005
59.273 1.7265080887042346 0.008333333333333333 0.005
59.340 1.7075588899782663 0.008333333333333333 0.005
59.406 1.5370273634470406 0.008333333333333333 0.005
59.473 1.185195911575828 0.008333333333333333 0.005
59.539 0.8117879002624232 0.008333333333333333 0.005
59.606 0.37622150884120276 0.008333333333333333 0.005
59.672 -0.07362264015330178 0.008333333333333333 0.005
59.739 -0.5466934399316636 0.008333333333333333 0.005
59.805 -0.9407781595833937 0.008333333333333333 0.005
59.872 -1.2617539922913197 0.008333333333333333 0.005
59.938 -1.454168028894855 0.008333333333333333 0.005
60.005 -1.5379349292010382 0.008333333333333333 0.005
60.071 -1.527114556839582 0.008333333333333333 0.005
60.138 -1.42937192970206 0.008333333333333333 0.005
60.204 -1.1454435717260218 0.008333333333333333 0.005
60.271 -0.8244724369899405 0.008333333333333333 0.005
60.337 -0.4266919686310059 0.008333333333333333 0.005
60.404 -0.0009509289226402595 0.008333333333333333 0.005
60.470 0.44114636028046295 0.008333333333333333 0.005
60.537 0.8469611571891599 0.008333333333333333 0.005
60.603 1.1951183621139219 0.008333333333333333 0.005
60.670 1.4576330855757988 0.008333333333333333 0.005
60.737 1.6389829604614783 0.008333333333333333 0.005
60.803 1.7039495478606104 0.008333333333333333 0.005
60.870 1.6218394900454838 0.008333333333333333 0.005
60.936 1.4368829756342616 0.008333333333333333 0.005
61.003 1.1067202426334273 0.008333333333333333 0.005
61.069 0.7315227381469082 0.008333333333333333 0.005
61.136 0.30318259131669534 0.008333333333333333 0.005
61.202 -0.14647377989008964 0.008333333333333333 0.005
61.269 -0.6142222477710274 0.008333333333333333 0.005
61.335 -0.978194590876593 0.008333333333333333 0.005
61.402 -1.2394835156726252 0.008333333333333333 0.005
61.468 -1.421888045754476 0.008333333333333333 0.005
61.535 -1.5277457443447613 0.008333333333333333 0.005
61.601 -1.5129579512579925 0.008333333333333333 0.005
61.668 -1.3323529517983086 0.008333333333333333 0.005
61.734 -1.0789943388850465 0.008333333333333333 0.005
61.801 -0.7713688016228685 0.008333333333333333 0.005
61.867 -0.40604550949062046 0.008333333333333333 0.005
61.934 0.003557273882525247 0.008333333333333333 0.005
62.001 0.46549352972905733 0.008333333333333333 0.005
62.067 0.8487649288488547 0.008333333333333333 0.005
62.134 1.1897061095969788 0.008333333333333333 0.005
62.200 1.4413938459353157 0.008333333333333333 0.005
62.267 1.6191326447732037 0.008333333333333333 0.005
62.333 1.6371783750839666 0.008333333333333333 0.005
62.400 1.5559743347563417 0.008333333333333333 0.005
62.466 1.3710257143228985 0.008333333333333333 0.005
62.533 1.00299301319111 0.008333333333333333 0.005
62.599 0.6341258906916379 0.008333333333333333 0.005
62.666 0.2752298330897526 0.008333333333333333 0.005
62.732 -0.16621918436915195 0.008333333333333333 0.005
62.799 -0.6120584416845939 0.008333333333333333 0.005
62.865 -0.9929808832920692 0.008333333333333333 0.005
62.932 -1.2396638430441873 0.008333333333333333 0.005
