0.066 4.698945056783009
0.798 4.708170473386203
1.596 4.523748545621998
2.328 4.582070404761431
3.060 4.414045007758671
3.858 4.48819810295595
4.590 4.410357819475641
5.322 4.409979076781988
6.120 4.3264799318002485
6.852 4.324406293298223
7.650 4.242612734944972
8.382 4.224121742402347
9.180 4.145855936893383
9.912 4.136726727745631
10.710 3.967122082692154
11.442 4.052099298679189
12.174 3.933959980542531
12.972 3.9178144251092446
13.704 3.856587706924692
14.435 3.840562824988419
15.234 3.7571211486250697
15.966 3.763317030558653
16.764 3.7571211486250697
17.496 3.5775822028515862
18.227 3.6033424646567815
19.026 3.5858568471042878
19.757 3.498385487943233
20.556 3.4856457836788266
21.288 3.390680980573664
22.019 3.390958907900183
22.818 3.3115227053608933
23.549 3.3017946261515077
24.348 3.315204316495768
25.079 3.1997691443866874
25.878 3.213965931962922
26.609 3.115213628928526
27.341 3.144946706508353
28.140 3.0288254971240853
28.871 3.0400480114106694
29.670 2.924064152866705
30.401 2.9646022425109244
31.200 2.8441198418195577
31.931 2.864324266280632
32.663 2.770611606891619
33.461 2.773255452082272
34.193 2.7467221882819177
34.925 2.6794360297496382
35.723 2.6520868809931364
36.455 2.6573621796708373
37.253 2.5629693103186324
37.985 2.569991313722329
38.783 2.4674257115933327
39.515 2.4789496462705056
40.247 2.3829105967093374
41.045 2.470673526629864
41.777 2.314015204150574
42.575 2.4219376938890655
43.307 2.2001133860617537
44.105 2.308842292139486
44.837 2.1707203812352915
45.569 2.2996480571391076
46.367 2.109180064714536
47.099 2.2178226870827573
47.831 2.0154950306271986
48.629 2.2104678868636918
49.427 1.9300795117870315
50.159 2.1056670507814195
50.891 1.9282426508420527
51.623 2.0284513054505915
52.421 1.8373196381880956
53.219 1.9356149967519043
53.951 1.8400748359040278
54.749 1.92182801137616
55.481 1.7381342996417048
56.213 1.8538143823261657
57.011 1.7307873709105337
57.743 1.7591526190769557
58.541 1.649053959946385
59.273 1.749962511192377
60.005 1.5746691440349143
60.803 1.7269875112508193
61.535 1.5642921297951962
62.333 1.6589837384641366
