1.396263402	1.516 0.08726646 0.25
1.221730476	1.468 0.08726646 0.25
1.047197551	1.462 0.08726646 0.25
0.872664626	1.406 0.08726646 0.25
0.6981317008	1.398 0.08726646 0.25
0.5235987756	1.378 0.08726646 0.25
0.3490658504	1.378 0.08726646 0.25
0.1745329252	1.378 0.08726646 0.25
-0.1745329252	1.38 0.08726646 0.25
-0.3490658504	1.358 0.08726646 0.25
-0.5235987756	1.38 0.08726646 0.25
-0.6981317008	1.388 0.08726646 0.25
-0.872664626	1.428 0.08726646 0.25
-1.047197551	1.448 0.08726646 0.25
-1.221730476	1.464 0.08726646 0.25
-1.396263402	1.52 0.08726646 0.25